{
  "generated_by": {
    "program": "augur",
    "version": "24.3.0"
  },
  "models": {
    "country": {
      "alphabet": [
        "Brazil",
        "Cameroon",
        "China",
        "Colombia",
        "Costa Rica",
        "Fiji",
        "French Guiana",
        "Ghana",
        "Guadeloupe",
        "India",
        "Japan",
        "Martinique",
        "Nigeria",
        "Papua New Guinea",
        "South Korea",
        "Togo",
        "?"
      ],
      "equilibrium_probabilities": [
        0.06201268531442334,
        0.060594218986375056,
        0.06636718287531711,
        0.06149510148192885,
        0.060843540910896346,
        0.059063964396321555,
        0.06301605595577828,
        0.06388031216109899,
        0.07064812232009274,
        0.06037898735200008,
        0.06056279445145693,
        0.05942712851533863,
        0.06813556694786345,
        0.06269930950901749,
        0.060289024211377266,
        0.06058600461071393
      ],
      "rate": 17.711672460860733,
      "transition_matrix": [
        [
          0.0,
          0.9287371566015147,
          1.084837987247708,
          0.9240226659797112,
          0.9452774231820593,
          1.1294827733996131,
          1.2237319533689683,
          1.2390476419015526,
          0.9727959809871665,
          0.9345389255708554,
          1.0242359110181212,
          0.9439068810776529,
          1.3902442693113644,
          1.0237572249905378,
          0.9263701771917527,
          1.3129052149767109
        ],
        [
          0.9287371566015147,
          0.0,
          0.9630306304946316,
          0.9227004980561588,
          0.9257044987609666,
          0.9244093184088562,
          0.927846575068845,
          1.1604354011947553,
          0.961056298134272,
          0.9293225954045501,
          0.9313818720850545,
          0.9315980000456695,
          1.0761187923004365,
          0.9312725959382047,
          0.9248771670079183,
          0.9233337809027778
        ],
        [
          1.084837987247708,
          0.9630306304946316,
          0.0,
          0.9216381254700187,
          0.9267023680907771,
          1.0173724661953243,
          0.9386948820977037,
          1.167757119852148,
          1.1076549177315205,
          1.0607892743614693,
          1.747004698979177,
          1.0766580207277718,
          1.0861272884289688,
          1.5224115228723871,
          0.9999434254423267,
          0.9230561184281117
        ],
        [
          0.9240226659797112,
          0.9227004980561588,
          0.9216381254700187,
          0.0,
          0.9243809365434293,
          1.390683026055,
          0.919679016763634,
          0.9249540540805363,
          0.9261493639376011,
          0.9259209582454503,
          0.9259425317295269,
          0.9261258442214442,
          0.9228465945044599,
          0.9271107658270482,
          0.925059855992056,
          0.9234599234586857
        ],
        [
          0.9452774231820593,
          0.9257044987609666,
          0.9267023680907771,
          0.9243809365434293,
          0.0,
          0.9248599646982372,
          1.0135459599565542,
          1.0620996897092971,
          1.3519055401639222,
          0.9277347271058252,
          0.9282754175040735,
          0.9297111164750845,
          0.9703478968190541,
          0.9298374876202958,
          0.9268074533082947,
          0.9250236702301504
        ],
        [
          1.1294827733996131,
          0.9244093184088562,
          1.0173724661953243,
          1.390683026055,
          0.9248599646982372,
          0.0,
          0.9215521755551673,
          1.3900556920543963,
          0.9394267337386043,
          0.9317220913192713,
          0.9836501466841364,
          1.4103930040321933,
          1.39048886092606,
          0.9829179927333959,
          0.9254111973142831,
          0.9241836980957909
        ],
        [
          1.2237319533689683,
          0.927846575068845,
          0.9386948820977037,
          0.919679016763634,
          1.0135459599565542,
          0.9215521755551673,
          0.0,
          1.303960538192611,
          1.058038464649665,
          0.9246280790879489,
          0.9261554154801759,
          0.926976785392934,
          1.0610886657418346,
          0.926797815428786,
          0.9220272266896573,
          0.9207569114482417
        ],
        [
          1.2390476419015526,
          1.1604354011947553,
          1.167757119852148,
          0.9249540540805363,
          1.0620996897092971,
          1.3900556920543963,
          1.303960538192611,
          0.0,
          1.3849554673463271,
          0.9999062970415391,
          1.019199474263334,
          1.46909796703833,
          2.5238840067848654,
          1.015900983472955,
          0.9293584456466634,
          0.9268553096168699
        ],
        [
          0.9727959809871665,
          0.961056298134272,
          1.1076549177315205,
          0.9261493639376011,
          1.3519055401639222,
          0.9394267337386043,
          1.058038464649665,
          1.3849554673463271,
          0.0,
          0.9412938919504961,
          1.0400972190715498,
          1.8764542930039372,
          1.2969184352790675,
          1.163882260850376,
          0.9778582322263544,
          0.9273135529006448
        ],
        [
          0.9345389255708554,
          0.9293225954045501,
          1.0607892743614693,
          0.9259209582454503,
          0.9277347271058252,
          0.9317220913192713,
          0.9246280790879489,
          0.9999062970415391,
          0.9412938919504961,
          0.0,
          0.9475546887491524,
          1.2222904715872496,
          0.9650984473521323,
          0.9443028159321316,
          0.9282629055033685,
          0.9265195874404005
        ],
        [
          1.0242359110181212,
          0.9313818720850545,
          1.747004698979177,
          0.9259425317295269,
          0.9282754175040735,
          0.9836501466841364,
          0.9261554154801759,
          1.019199474263334,
          1.0400972190715498,
          0.9475546887491524,
          0.0,
          0.9527975049900056,
          0.973291113203439,
          2.564908762979951,
          0.9866371956291966,
          0.9266328025129801
        ],
        [
          0.9439068810776529,
          0.9315980000456695,
          1.0766580207277718,
          0.9261258442214442,
          0.9297111164750845,
          1.4103930040321933,
          0.926976785392934,
          1.46909796703833,
          1.8764542930039372,
          1.2222904715872496,
          0.9527975049900056,
          0.0,
          1.2722332454118772,
          0.9498836395131247,
          0.9288531550522822,
          0.9262732299304666
        ],
        [
          1.3902442693113644,
          1.0761187923004365,
          1.0861272884289688,
          0.9228465945044599,
          0.9703478968190541,
          1.39048886092606,
          1.0610886657418346,
          2.5238840067848654,
          1.2969184352790675,
          0.9650984473521323,
          0.973291113203439,
          1.2722332454118772,
          0.0,
          0.9713505177780594,
          0.9263672941081592,
          1.2237426468365622
        ],
        [
          1.0237572249905378,
          0.9312725959382047,
          1.5224115228723871,
          0.9271107658270482,
          0.9298374876202958,
          0.9829179927333959,
          0.926797815428786,
          1.015900983472955,
          1.163882260850376,
          0.9443028159321316,
          2.564908762979951,
          0.9498836395131247,
          0.9713505177780594,
          0.0,
          1.410145103508358,
          0.9277724990815942
        ],
        [
          0.9263701771917527,
          0.9248771670079183,
          0.9999434254423267,
          0.925059855992056,
          0.9268074533082947,
          0.9254111973142831,
          0.9220272266896573,
          0.9293584456466634,
          0.9778582322263544,
          0.9282629055033685,
          0.9866371956291966,
          0.9288531550522822,
          0.9263672941081592,
          1.410145103508358,
          0.0,
          0.9254858582403752
        ],
        [
          1.3129052149767109,
          0.9233337809027778,
          0.9230561184281117,
          0.9234599234586857,
          0.9250236702301504,
          0.9241836980957909,
          0.9207569114482417,
          0.9268553096168699,
          0.9273135529006448,
          0.9265195874404005,
          0.9266328025129801,
          0.9262732299304666,
          1.2237426468365622,
          0.9277724990815942,
          0.9254858582403752,
          0.0
        ]
      ]
    },
    "region": {
      "alphabet": [
        "Africa",
        "Asia",
        "Central America",
        "North America",
        "Oceania",
        "South America",
        "?"
      ],
      "equilibrium_probabilities": [
        0.1880824279179961,
        0.20434976983951658,
        0.1917846849402595,
        0.13298133087679603,
        0.11571634276031943,
        0.16708544366511233
      ],
      "rate": 11.195326409510566,
      "transition_matrix": [
        [
          0.0,
          1.1612623219266482,
          1.3038284801535716,
          1.1758406077545591,
          1.5412391872466353,
          1.6232147897239788
        ],
        [
          1.1612623219266482,
          0.0,
          0.9778962883615396,
          1.0522990017041234,
          2.743533959025473,
          0.813545596828165
        ],
        [
          1.3038284801535716,
          0.9778962883615396,
          0.0,
          1.4134861982829405,
          0.7419619062919959,
          0.8530354035851591
        ],
        [
          1.1758406077545591,
          1.0522990017041234,
          1.4134861982829405,
          0.0,
          1.0258088919586896,
          0.7033879640658959
        ],
        [
          1.5412391872466353,
          2.743533959025473,
          0.7419619062919959,
          1.0258088919586896,
          0.0,
          1.217215013979317
        ],
        [
          1.6232147897239788,
          0.813545596828165,
          0.8530354035851591,
          0.7033879640658959,
          1.217215013979317,
          0.0
        ]
      ]
    }
  },
  "nodes": {
    "Andong_KX156847_S-Kor_2014_poly": {
      "country": "South Korea",
      "country_confidence": {
        "South Korea": 1.0
      },
      "country_entropy": -1.000088900581841e-12,
      "region": "Asia",
      "region_confidence": {
        "Asia": 1.0
      },
      "region_entropy": -1.000088900581841e-12
    },
    "Br2_AF548498_Bra_2000_ala": {
      "country": "Brazil",
      "country_confidence": {
        "Brazil": 1.0
      },
      "country_entropy": -1.000088900581841e-12,
      "region": "South America",
      "region_confidence": {
        "South America": 1.0
      },
      "region_entropy": -1.000088900581841e-12
    },
    "CN1_KC407674_Chi_2011_opp": {
      "country": "China",
      "country_confidence": {
        "China": 1.0
      },
      "country_entropy": -1.000088900581841e-12,
      "region": "Asia",
      "region_confidence": {
        "Asia": 1.0
      },
      "region_entropy": -1.000088900581841e-12
    },
    "CN20_KC473517_Chi_2010_poly": {
      "country": "China",
      "country_confidence": {
        "China": 1.0
      },
      "country_entropy": -1.000088900581841e-12,
      "region": "Asia",
      "region_confidence": {
        "Asia": 1.0
      },
      "region_entropy": -1.000088900581841e-12
    },
    "COL1_AF548491_Col_2016_ala": {
      "country": "Colombia",
      "country_confidence": {
        "Colombia": 1.0
      },
      "country_entropy": -1.000088900581841e-12,
      "region": "South America",
      "region_confidence": {
        "South America": 1.0
      },
      "region_entropy": -1.000088900581841e-12
    },
    "COL2_AF548492_Col_2016_ala": {
      "country": "Colombia",
      "country_confidence": {
        "Colombia": 1.0
      },
      "country_entropy": -1.000088900581841e-12,
      "region": "South America",
      "region_confidence": {
        "South America": 1.0
      },
      "region_entropy": -1.000088900581841e-12
    },
    "CR1_AF548499_C-Ric_1999_tri": {
      "country": "Costa Rica",
      "country_confidence": {
        "Costa Rica": 1.0
      },
      "country_entropy": -1.000088900581841e-12,
      "region": "Central America",
      "region_confidence": {
        "Central America": 0.9999999999999999
      },
      "region_entropy": -9.99866855976916e-13
    },
    "DSMZ-PV-1214_OM471977_Nig_2022_ala": {
      "country": "Nigeria",
      "country_confidence": {
        "Nigeria": 0.9999999999999999
      },
      "country_entropy": -9.99866855976916e-13,
      "region": "Africa",
      "region_confidence": {
        "Africa": 1.0
      },
      "region_entropy": -1.000088900581841e-12
    },
    "DSMZ-PV-1214_OM471978_Nig_2022_ala": {
      "country": "Nigeria",
      "country_confidence": {
        "Nigeria": 1.0
      },
      "country_entropy": -1.000088900581841e-12,
      "region": "Africa",
      "region_confidence": {
        "Africa": 0.9999999999999999
      },
      "region_entropy": -9.99866855976916e-13
    },
    "DSMZ-PV-1214_OM471979_Nig_2022_ala": {
      "country": "Nigeria",
      "country_confidence": {
        "Nigeria": 1.0
      },
      "country_entropy": -1.000088900581841e-12,
      "region": "Africa",
      "region_confidence": {
        "Africa": 0.9999999999999999
      },
      "region_entropy": -9.99866855976916e-13
    },
    "Da-L3_KM265137_Ind_2014_ala": {
      "country": "India",
      "country_confidence": {
        "India": 1.0
      },
      "country_entropy": -1.000088900581841e-12,
      "region": "Asia",
      "region_confidence": {
        "Asia": 1.0
      },
      "region_entropy": -1.000088900581841e-12
    },
    "DaG131-16_MT345581_Gha_2012_ala": {
      "country": "Ghana",
      "country_confidence": {
        "Ghana": 1.0
      },
      "country_entropy": -1.000088900581841e-12,
      "region": "Africa",
      "region_confidence": {
        "Africa": 1.0
      },
      "region_entropy": -1.000088900581841e-12
    },
    "DaG137-17_MT345582_Gha_2012_ala": {
      "country": "Ghana",
      "country_confidence": {
        "Ghana": 1.0
      },
      "country_entropy": -1.000088900581841e-12,
      "region": "Africa",
      "region_confidence": {
        "Africa": 1.0
      },
      "region_entropy": -1.000088900581841e-12
    },
    "DaG38-16_MT345592_Gha_2013_ala": {
      "country": "Ghana",
      "country_confidence": {
        "Ghana": 0.9999999999999999
      },
      "country_entropy": -9.99866855976916e-13,
      "region": "Africa",
      "region_confidence": {
        "Africa": 0.9999999999999999
      },
      "region_entropy": -9.99866855976916e-13
    },
    "DaG4-43_MT345579_Gha_2012_ala": {
      "country": "Ghana",
      "country_confidence": {
        "Ghana": 1.0
      },
      "country_entropy": -1.000088900581841e-12,
      "region": "Africa",
      "region_confidence": {
        "Africa": 1.0
      },
      "region_entropy": -1.000088900581841e-12
    },
    "DaG89-11_MT345580_Gha_2012_ala": {
      "country": "Ghana",
      "country_confidence": {
        "Ghana": 1.0
      },
      "country_entropy": -1.000088900581841e-12,
      "region": "Africa",
      "region_confidence": {
        "Africa": 1.0
      },
      "region_entropy": -1.000088900581841e-12
    },
    "DaN143-12_MT345586_Nig_2012_ala": {
      "country": "Nigeria",
      "country_confidence": {
        "Nigeria": 0.9999999999999999
      },
      "country_entropy": -9.99866855976916e-13,
      "region": "Africa",
      "region_confidence": {
        "Africa": 0.9999999999999999
      },
      "region_entropy": -9.99866855976916e-13
    },
    "DaN246-21_MT345587_Nig_2012_ala": {
      "country": "Nigeria",
      "country_confidence": {
        "Nigeria": 1.0
      },
      "country_entropy": -1.000088900581841e-12,
      "region": "Africa",
      "region_confidence": {
        "Africa": 1.0
      },
      "region_entropy": -1.000088900581841e-12
    },
    "DaN31-3_MT345584_Nig_2012_ala": {
      "country": "Nigeria",
      "country_confidence": {
        "Nigeria": 1.0
      },
      "country_entropy": -1.000088900581841e-12,
      "region": "Africa",
      "region_confidence": {
        "Africa": 0.9999999999999999
      },
      "region_entropy": -9.99866855976916e-13
    },
    "DaN32-3_MT345585_Nig_2012_ala": {
      "country": "Nigeria",
      "country_confidence": {
        "Nigeria": 1.0
      },
      "country_entropy": -1.000088900581841e-12,
      "region": "Africa",
      "region_confidence": {
        "Africa": 1.0
      },
      "region_entropy": -1.000088900581841e-12
    },
    "DaN46-5_MT345594_Nig_2013_ala": {
      "country": "Nigeria",
      "country_confidence": {
        "Nigeria": 0.9999999999999999
      },
      "country_entropy": -9.99866855976916e-13,
      "region": "Africa",
      "region_confidence": {
        "Africa": 1.0
      },
      "region_entropy": -1.000088900581841e-12
    },
    "DaN48-5_MT345595_Nig_2013_ala": {
      "country": "Nigeria",
      "country_confidence": {
        "Nigeria": 0.9999999999999999
      },
      "country_entropy": -9.99866855976916e-13,
      "region": "Africa",
      "region_confidence": {
        "Africa": 1.0
      },
      "region_entropy": -1.000088900581841e-12
    },
    "DaN6-I_MT345589_Nig_2012_ala": {
      "country": "Nigeria",
      "country_confidence": {
        "Nigeria": 1.0
      },
      "country_entropy": -1.000088900581841e-12,
      "region": "Africa",
      "region_confidence": {
        "Africa": 1.0
      },
      "region_entropy": -1.000088900581841e-12
    },
    "DaN7-19_MT345588_Nig_2012_ala": {
      "country": "Nigeria",
      "country_confidence": {
        "Nigeria": 1.0
      },
      "country_entropy": -1.000088900581841e-12,
      "region": "Africa",
      "region_confidence": {
        "Africa": 1.0
      },
      "region_entropy": -1.000088900581841e-12
    },
    "DrG269-31_MT345583_Gha_2012_rot": {
      "country": "Ghana",
      "country_confidence": {
        "Ghana": 1.0
      },
      "country_entropy": -1.000088900581841e-12,
      "region": "Africa",
      "region_confidence": {
        "Africa": 1.0
      },
      "region_entropy": -1.000088900581841e-12
    },
    "FIJI1_AF548515_Fiji_2000_ala": {
      "country": "Fiji",
      "country_confidence": {
        "Fiji": 1.0
      },
      "country_entropy": -1.000088900581841e-12,
      "region": "Oceania",
      "region_confidence": {
        "Oceania": 1.0
      },
      "region_entropy": -1.000088900581841e-12
    },
    "FIJI2_AF548516_Fiji_2000_ala": {
      "country": "Fiji",
      "country_confidence": {
        "Fiji": 1.0
      },
      "country_entropy": -1.000088900581841e-12,
      "region": "Oceania",
      "region_confidence": {
        "Oceania": 1.0
      },
      "region_entropy": -1.000088900581841e-12
    },
    "FIJI3_AF548517_Fiji_2000_ala": {
      "country": "Fiji",
      "country_confidence": {
        "Fiji": 1.0
      },
      "country_entropy": -1.000088900581841e-12,
      "region": "Oceania",
      "region_confidence": {
        "Oceania": 1.0
      },
      "region_entropy": -1.000088900581841e-12
    },
    "FIJI4_AF548518_Fiji_2000_ala": {
      "country": "Fiji",
      "country_confidence": {
        "Fiji": 1.0
      },
      "country_entropy": -1.000088900581841e-12,
      "region": "Oceania",
      "region_confidence": {
        "Oceania": 1.0
      },
      "region_entropy": -1.000088900581841e-12
    },
    "GH5-NN1_KJ125472_Chi_2011_ala": {
      "country": "China",
      "country_confidence": {
        "China": 1.0
      },
      "country_entropy": -1.000088900581841e-12,
      "region": "Asia",
      "region_confidence": {
        "Asia": 1.0
      },
      "region_entropy": -1.000088900581841e-12
    },
    "GH6-NC1_KJ125473_Chi_2010_ala": {
      "country": "China",
      "country_confidence": {
        "China": 1.0
      },
      "country_entropy": -1.000088900581841e-12,
      "region": "Asia",
      "region_confidence": {
        "Asia": 1.0
      },
      "region_entropy": -1.000088900581841e-12
    },
    "Guad1_AF548500_Gua_1998_ala": {
      "country": "Guadeloupe",
      "country_confidence": {
        "Guadeloupe": 1.0
      },
      "country_entropy": -1.000088900581841e-12,
      "region": "Central America",
      "region_confidence": {
        "Central America": 1.0
      },
      "region_entropy": -1.000088900581841e-12
    },
    "Guad2_AF548501_Gua_1998_ala": {
      "country": "Guadeloupe",
      "country_confidence": {
        "Guadeloupe": 1.0
      },
      "country_entropy": -1.000088900581841e-12,
      "region": "Central America",
      "region_confidence": {
        "Central America": 1.0
      },
      "region_entropy": -1.000088900581841e-12
    },
    "Guad3_AF548502_Gua_1998_ala": {
      "country": "Guadeloupe",
      "country_confidence": {
        "Guadeloupe": 1.0
      },
      "country_entropy": -1.000088900581841e-12,
      "region": "Central America",
      "region_confidence": {
        "Central America": 1.0
      },
      "region_entropy": -1.000088900581841e-12
    },
    "Guad4_AF548503_Gua_1998_tri": {
      "country": "Guadeloupe",
      "country_confidence": {
        "Guadeloupe": 1.0
      },
      "country_entropy": -1.000088900581841e-12,
      "region": "Central America",
      "region_confidence": {
        "Central America": 1.0
      },
      "region_entropy": -1.000088900581841e-12
    },
    "Guad5_AF548504_Gua_1998_tri": {
      "country": "Guadeloupe",
      "country_confidence": {
        "Guadeloupe": 1.0
      },
      "country_entropy": -1.000088900581841e-12,
      "region": "Central America",
      "region_confidence": {
        "Central America": 1.0
      },
      "region_entropy": -1.000088900581841e-12
    },
    "Guad6_AF548505_Gua_1998_esc": {
      "country": "Guadeloupe",
      "country_confidence": {
        "Guadeloupe": 1.0
      },
      "country_entropy": -1.000088900581841e-12,
      "region": "Central America",
      "region_confidence": {
        "Central America": 0.9999999999999999
      },
      "region_entropy": -9.99866855976916e-13
    },
    "Guy1_AF548506_Guy_1998_tri": {
      "country": "French Guiana",
      "country_confidence": {
        "French Guiana": 1.0
      },
      "country_entropy": -1.000088900581841e-12,
      "region": "South America",
      "region_confidence": {
        "South America": 1.0
      },
      "region_entropy": -1.000088900581841e-12
    },
    "Guy2_AF548507_Guy_1998_tri": {
      "country": "French Guiana",
      "country_confidence": {
        "French Guiana": 1.0
      },
      "country_entropy": -1.000088900581841e-12,
      "region": "South America",
      "region_confidence": {
        "South America": 1.0
      },
      "region_entropy": -1.000088900581841e-12
    },
    "Guy3_AF548508_Guy_1998_tri": {
      "country": "French Guiana",
      "country_confidence": {
        "French Guiana": 1.0
      },
      "country_entropy": -1.000088900581841e-12,
      "region": "South America",
      "region_confidence": {
        "South America": 1.0
      },
      "region_entropy": -1.000088900581841e-12
    },
    "Guy4_AF548509_Guy_1998_tri": {
      "country": "French Guiana",
      "country_confidence": {
        "French Guiana": 1.0
      },
      "country_entropy": -1.000088900581841e-12,
      "region": "South America",
      "region_confidence": {
        "South America": 1.0
      },
      "region_entropy": -1.000088900581841e-12
    },
    "Guy5_AF548510_Guy_1998_tri": {
      "country": "French Guiana",
      "country_confidence": {
        "French Guiana": 1.0
      },
      "country_entropy": -1.000088900581841e-12,
      "region": "South America",
      "region_confidence": {
        "South America": 1.0
      },
      "region_entropy": -1.000088900581841e-12
    },
    "Guy6_AF548511_Guy_1998_tri": {
      "country": "French Guiana",
      "country_confidence": {
        "French Guiana": 1.0
      },
      "country_entropy": -1.000088900581841e-12,
      "region": "South America",
      "region_confidence": {
        "South America": 1.0
      },
      "region_entropy": -1.000088900581841e-12
    },
    "Guy7_AF548512_Guy_1998_tri": {
      "country": "French Guiana",
      "country_confidence": {
        "French Guiana": 1.0
      },
      "country_entropy": -1.000088900581841e-12,
      "region": "South America",
      "region_confidence": {
        "South America": 1.0
      },
      "region_entropy": -1.000088900581841e-12
    },
    "Guy8_AF548513_Guy_1998_tri": {
      "country": "French Guiana",
      "country_confidence": {
        "French Guiana": 1.0
      },
      "country_entropy": -1.000088900581841e-12,
      "region": "South America",
      "region_confidence": {
        "South America": 1.0
      },
      "region_entropy": -1.000088900581841e-12
    },
    "HB148_MT501393_Cam_2021_ala": {
      "country": "Cameroon",
      "country_confidence": {
        "Cameroon": 1.0
      },
      "country_entropy": -1.000088900581841e-12,
      "region": "Africa",
      "region_confidence": {
        "Africa": 1.0
      },
      "region_entropy": -1.000088900581841e-12
    },
    "HB86_MT501392_Cam_2021_esc": {
      "country": "Cameroon",
      "country_confidence": {
        "Cameroon": 1.0
      },
      "country_entropy": -1.000088900581841e-12,
      "region": "Africa",
      "region_confidence": {
        "Africa": 1.0
      },
      "region_entropy": -1.000088900581841e-12
    },
    "I133_KC924403_Bra_2014_ala": {
      "country": "Brazil",
      "country_confidence": {
        "Brazil": 1.0
      },
      "country_entropy": -1.000088900581841e-12,
      "region": "South America",
      "region_confidence": {
        "South America": 1.0
      },
      "region_entropy": -1.000088900581841e-12
    },
    "I55_KC924404_Bra_2014_tri": {
      "country": "Brazil",
      "country_confidence": {
        "Brazil": 1.0
      },
      "country_entropy": -1.000088900581841e-12,
      "region": "South America",
      "region_confidence": {
        "South America": 1.0
      },
      "region_entropy": -1.000088900581841e-12
    },
    "JPN1_AF548519_Jap_1997_ala": {
      "country": "Japan",
      "country_confidence": {
        "Japan": 1.0
      },
      "country_entropy": -1.000088900581841e-12,
      "region": "Asia",
      "region_confidence": {
        "Asia": 1.0
      },
      "region_entropy": -1.000088900581841e-12
    },
    "JPN2_AF548520_Jap_2016_ala": {
      "country": "Japan",
      "country_confidence": {
        "Japan": 1.0
      },
      "country_entropy": -1.000088900581841e-12,
      "region": "Asia",
      "region_confidence": {
        "Asia": 1.0
      },
      "region_entropy": -1.000088900581841e-12
    },
    "JPN3_AF548521_Jap_1998_ala": {
      "country": "Japan",
      "country_confidence": {
        "Japan": 1.0
      },
      "country_entropy": -1.000088900581841e-12,
      "region": "Asia",
      "region_confidence": {
        "Asia": 1.0
      },
      "region_entropy": -1.000088900581841e-12
    },
    "JPN4_AF548522_Jap_1993_ala": {
      "country": "Japan",
      "country_confidence": {
        "Japan": 1.0
      },
      "country_entropy": -1.000088900581841e-12,
      "region": "Asia",
      "region_confidence": {
        "Asia": 1.0
      },
      "region_entropy": -1.000088900581841e-12
    },
    "JPN_AB029405_Jap_2016_ala": {
      "country": "Japan",
      "country_confidence": {
        "Japan": 1.0
      },
      "country_entropy": -1.000088900581841e-12,
      "region": "Asia",
      "region_confidence": {
        "Asia": 1.0
      },
      "region_entropy": -1.000088900581841e-12
    },
    "Luzhai_JF357963_Chi_2010_opp": {
      "country": "China",
      "country_confidence": {
        "China": 1.0
      },
      "country_entropy": -1.000088900581841e-12,
      "region": "Asia",
      "region_confidence": {
        "Asia": 0.9999999999999999
      },
      "region_entropy": -9.99866855976916e-13
    },
    "Mart1_AF548493_Mart_1998_rot": {
      "country": "Martinique",
      "country_confidence": {
        "Martinique": 1.0
      },
      "country_entropy": -1.000088900581841e-12,
      "region": "North America",
      "region_confidence": {
        "North America": 1.0
      },
      "region_entropy": -1.000088900581841e-12
    },
    "Mart2_AF548494_Mart_1998_ala": {
      "country": "Martinique",
      "country_confidence": {
        "Martinique": 1.0
      },
      "country_entropy": -1.000088900581841e-12,
      "region": "North America",
      "region_confidence": {
        "North America": 1.0
      },
      "region_entropy": -1.000088900581841e-12
    },
    "Mart3_AF548495_Mart_1998_ala": {
      "country": "Martinique",
      "country_confidence": {
        "Martinique": 1.0
      },
      "country_entropy": -1.000088900581841e-12,
      "region": "North America",
      "region_confidence": {
        "North America": 1.0
      },
      "region_entropy": -1.000088900581841e-12
    },
    "Mart4_AF548496_Mart_1998_ala": {
      "country": "Martinique",
      "country_confidence": {
        "Martinique": 0.9999999999999999
      },
      "country_entropy": -9.99866855976916e-13,
      "region": "North America",
      "region_confidence": {
        "North America": 1.0
      },
      "region_entropy": -1.000088900581841e-12
    },
    "NODE_0000000": {
      "country": "Brazil",
      "country_confidence": {
        "Brazil": 0.9998059727611234
      },
      "country_entropy": 0.0023456452047861992,
      "region": "South America",
      "region_confidence": {
        "South America": 0.9992795584984806
      },
      "region_entropy": 0.006641496167770265
    },
    "NODE_0000001": {
      "country": "Brazil",
      "country_confidence": {
        "Brazil": 0.9825177379911043,
        "Fiji": 0.0028840551610228296,
        "Ghana": 0.0022734614527870774,
        "Nigeria": 0.0035135927660150295
      },
      "country_entropy": 0.12931059620062893,
      "region": "South America",
      "region_confidence": {
        "Africa": 0.03571966690527733,
        "Asia": 0.00558098878587807,
        "Oceania": 0.012317593299963908,
        "South America": 0.9450619471168104
      },
      "region_entropy": 0.2651513557632452
    },
    "NODE_0000002": {
      "country": "Brazil",
      "country_confidence": {
        "Brazil": 0.994978451226262,
        "Nigeria": 0.0024296384788129967,
        "Togo": 0.0016489022313344265
      },
      "country_entropy": 0.03890605236072853,
      "region": "South America",
      "region_confidence": {
        "Africa": 0.03506765342839384,
        "Oceania": 0.0013881382698495601,
        "South America": 0.9628370967069992
      },
      "region_entropy": 0.1687818636450515
    },
    "NODE_0000004": {
      "country": "Brazil",
      "country_confidence": {
        "Brazil": 0.4184111386464111,
        "Ghana": 0.004646264131848198,
        "Nigeria": 0.23247590087528472,
        "Togo": 0.32436705424189016
      },
      "country_entropy": 1.2219865079821939,
      "region": "Africa",
      "region_confidence": {
        "Africa": 0.9619753552867691,
        "South America": 0.037037097829778994
      },
      "region_entropy": 0.16751175844087418
    },
    "NODE_0000005": {
      "country": "Brazil",
      "country_confidence": {
        "Brazil": 0.3161188934636523,
        "China": 0.12743665013042807,
        "Fiji": 0.17159180948075015,
        "Ghana": 0.11331583809869814
      },
      "country_entropy": 2.084567111368008,
      "region": "Oceania",
      "region_confidence": {
        "Africa": 0.20018169043514988,
        "Asia": 0.22393961558059758,
        "Oceania": 0.41433021567019107,
        "South America": 0.15136845363497023
      },
      "region_entropy": 1.3616681879677666
    },
    "NODE_0000006": {
      "country": "Fiji",
      "country_confidence": {
        "Brazil": 0.0635567315915537,
        "Fiji": 0.5083827804543337,
        "Ghana": 0.2078475448985388,
        "Nigeria": 0.11492962294231521
      },
      "country_entropy": 1.5629767343098537,
      "region": "Oceania",
      "region_confidence": {
        "Africa": 0.37751919909620285,
        "Asia": 0.04374146900960086,
        "Oceania": 0.5468888871416764,
        "South America": 0.02571572003382025
      },
      "region_entropy": 0.9640449981433256
    },
    "NODE_0000007": {
      "country": "Fiji",
      "country_confidence": {
        "Fiji": 0.6991648419737977,
        "Ghana": 0.09743811093997012,
        "Martinique": 0.022420277575965965,
        "Nigeria": 0.12999441218648647
      },
      "country_entropy": 1.0791367963057064,
      "region": "Oceania",
      "region_confidence": {
        "Africa": 0.34094196482416683,
        "Asia": 0.016185835277290863,
        "Oceania": 0.6277218386148355,
        "South America": 0.009893494542325446
      },
      "region_entropy": 0.8016942036119896
    },
    "NODE_0000008": {
      "country": "Fiji",
      "country_confidence": {
        "Fiji": 0.9109178033204881,
        "Ghana": 0.02643114438364836,
        "Martinique": 0.025690213505547673,
        "Nigeria": 0.027891522502110633
      },
      "country_entropy": 0.43649202763259765,
      "region": "Oceania",
      "region_confidence": {
        "Africa": 0.14304652346024524,
        "Asia": 0.005943021242936394,
        "North America": 0.008095218762789949,
        "Oceania": 0.8396095536160012
      },
      "region_entropy": 0.5146420277738669
    },
    "NODE_0000009": {
      "country": "Fiji",
      "country_confidence": {
        "Fiji": 0.9229522503060523,
        "Ghana": 0.013882104730456656,
        "Martinique": 0.04986858938384248,
        "Nigeria": 0.010021638756481835
      },
      "country_entropy": 0.35473798147269686,
      "region": "Oceania",
      "region_confidence": {
        "Africa": 0.10090888109553493,
        "Asia": 0.0026240031573084746,
        "North America": 0.031782980464131784,
        "Oceania": 0.8617783481726885
      },
      "region_entropy": 0.5035045754966319
    },
    "NODE_0000010": {
      "country": "Fiji",
      "country_confidence": {
        "Colombia": 0.001629353259631296,
        "Fiji": 0.9954789859723886,
        "Martinique": 0.001842722587341018
      },
      "country_entropy": 0.03515347718572004,
      "region": "Oceania",
      "region_confidence": {
        "Africa": 0.007609418725161007,
        "North America": 0.0010795928629055568,
        "Oceania": 0.9866043878109272,
        "South America": 0.004277817905271778
      },
      "region_entropy": 0.08460781819382078
    },
    "NODE_0000011": {
      "country": "Fiji",
      "country_confidence": {
        "Colombia": 0.006450535949390619,
        "Fiji": 0.9921111229848953
      },
      "country_entropy": 0.05191418406962951,
      "region": "Oceania",
      "region_confidence": {
        "Africa": 0.004284893486428055,
        "Oceania": 0.9838498835569393,
        "South America": 0.010968073844105303
      },
      "region_entropy": 0.09593657278456982
    },
    "NODE_0000013": {
      "country": "Colombia",
      "country_confidence": {
        "Colombia": 0.9944200943436844,
        "Fiji": 0.0053957925237309474
      },
      "country_entropy": 0.035806868467165145,
      "region": "South America",
      "region_confidence": {
        "Oceania": 0.007869410877665736,
        "South America": 0.9917378274416285
      },
      "region_entropy": 0.049823196793883986
    },
    "NODE_0000014": {
      "country": "Martinique",
      "country_confidence": {
        "Fiji": 0.015097037734812292,
        "Ghana": 0.03034215082964786,
        "Martinique": 0.9291310671572606,
        "Nigeria": 0.013891311832230937
      },
      "country_entropy": 0.3509073434803707,
      "region": "North America",
      "region_confidence": {
        "Africa": 0.1643256585181772,
        "Central America": 0.012415446012904327,
        "North America": 0.8050325894910308,
        "Oceania": 0.017579286725704812
      },
      "region_entropy": 0.6019688450074423
    },
    "NODE_0000015": {
      "country": "Martinique",
      "country_confidence": {
        "Fiji": 0.009229227403481704,
        "Ghana": 0.019955063543553062,
        "Guadeloupe": 0.02396227237342856,
        "Martinique": 0.9371514223683101
      },
      "country_entropy": 0.32113800746180116,
      "region": "North America",
      "region_confidence": {
        "Africa": 0.11209957258513133,
        "Central America": 0.04534443959803146,
        "North America": 0.8306022743464365,
        "Oceania": 0.010763928663873403
      },
      "region_entropy": 0.597266299250151
    },
    "NODE_0000019": {
      "country": "Ghana",
      "country_confidence": {
        "Fiji": 0.006721145024575621,
        "Ghana": 0.432183767686998,
        "Martinique": 0.345204663735509,
        "Nigeria": 0.20545189099088576
      },
      "country_entropy": 1.1548375830898858,
      "region": "Africa",
      "region_confidence": {
        "Africa": 0.9790556413378462,
        "North America": 0.019631793632312728
      },
      "region_entropy": 0.1080615027933363
    },
    "NODE_0000020": {
      "country": "Nigeria",
      "country_confidence": {
        "Nigeria": 0.9999986420411514
      },
      "country_entropy": 2.2322451394350745e-05,
      "region": "Africa",
      "region_confidence": {
        "Africa": 0.9999980500515112
      },
      "region_entropy": 3.058558695150755e-05
    },
    "NODE_0000025": {
      "country": "Ghana",
      "country_confidence": {
        "Ghana": 0.973499700442863,
        "Martinique": 0.0129547289988213,
        "Nigeria": 0.012419160747758829
      },
      "country_entropy": 0.14701207358098398,
      "region": "Africa",
      "region_confidence": {
        "Africa": 0.9988260279748395,
        "North America": 0.0010392880911947813
      },
      "region_entropy": 0.00968586640379574
    },
    "NODE_0000026": {
      "country": "China",
      "country_confidence": {
        "Brazil": 0.19798778054657593,
        "China": 0.22784461117835184,
        "Fiji": 0.10809866553916615,
        "Japan": 0.10806015392577033
      },
      "country_entropy": 2.206648213147913,
      "region": "Asia",
      "region_confidence": {
        "Africa": 0.13042071159400936,
        "Asia": 0.41136954748442617,
        "Oceania": 0.38162511617438943,
        "South America": 0.067298035283543
      },
      "region_entropy": 1.2301881588536117
    },
    "NODE_0000027": {
      "country": "Papua New Guinea",
      "country_confidence": {
        "Brazil": 0.007061654159595314,
        "China": 0.014775055935974498,
        "Japan": 0.45877700751229666,
        "Papua New Guinea": 0.4892357030210544
      },
      "country_entropy": 0.9827103234493941,
      "region": "Oceania",
      "region_confidence": {
        "Africa": 0.007309731260110748,
        "Asia": 0.4551023463304096,
        "Oceania": 0.5320632733934022,
        "South America": 0.0032246329785822997
      },
      "region_entropy": 0.7640188612968614
    },
    "NODE_0000028": {
      "country": "China",
      "country_confidence": {
        "China": 0.6243044842007602,
        "Ghana": 0.09873282411627024,
        "Japan": 0.05744519431819106,
        "Nigeria": 0.06294021282891775
      },
      "country_entropy": 1.48445142638149,
      "region": "Asia",
      "region_confidence": {
        "Africa": 0.09266031685348246,
        "Asia": 0.8146525904556964,
        "Oceania": 0.08263829840156729,
        "South America": 0.004721515337248874
      },
      "region_entropy": 0.6499380126800532
    },
    "NODE_0000029": {
      "country": "China",
